PC1	PC2
-0.001247484180423	0.0981777413087636
-0.132044154820153	0.115546350249063
-0.0416896896920097	0.134169893550883
-0.0273921916721845	0.0148881993770714
0.0986934345557983	-0.0126823078938659
0.0874092640699863	0.0227914215908503
0.00349346088675892	0.0456106303107836
0.448935674208463	-0.148419606835686
-0.0567317601789039	0.0267590193082474
-0.089621934649248	-0.0260686705272878
-0.0596510403202074	-0.00369144335289928
-0.026618789161204	0.00972137031127873
-0.0487521736674739	-0.00790443740643798
-0.0542739985770678	-0.0347267364526244
-0.00990002238198231	-0.00429982109819218
-0.0174487261167023	-0.0209326695525959
-0.0374341211696335	-0.0113180803649843
-0.0184228897222643	0.0100252245939452
0.000694498742088108	-0.017792559157727
-0.129549932544364	-0.0825848932211692
0.0186088343814431	-0.0653518694399321
-0.138998017721944	-0.0250591347728193
-0.127280589195399	-0.0334729277160961
-0.0404363089137488	-0.0603235008404072
-0.120747796889363	-0.0143442319441017
-0.117049476970945	-0.00676245338483505
-0.0112521113512489	-0.0673904615803793
-0.0515499753206876	-0.042645704606241
-0.106539728533044	-0.0962208637646769
-0.001636303040402	-0.0410894939784445
-0.0143289258571832	-0.0247947489526866
-0.00702151761853915	-0.00566000746440405
-0.0125203722407417	-0.0218804844539775
-0.00160952678546332	-0.0181949085910821
0.00568247698117237	-0.00118299710088994
0.0411539008939942	0.0126775383012712
0.0291877067790943	0.0408123819953617
-0.0187093350784325	-0.0177552963917226
-0.0302743646802248	-0.0145967164341683
-0.016982438218212	-0.0278267615501973
-0.0519786752149502	-0.0208696492842239
-0.0523400072617695	-0.0524662728021996
-0.0175890149845243	-0.0535670527867136
-0.0136688538933429	-0.0465771747987145
-0.0016868937263601	-0.0364635949410881
0.0193487366042209	0.00186368486789841
0.0465160231251582	-0.0159880291688366
0.0180438437326205	-0.0383250368443709
0.0201778198410652	-0.0417700461811202
-0.00201975537110704	-0.0347947640740928
0.0316820571841218	-0.0393230270551716
0.0647813551271	-0.01236974445648
0.0298720460802208	-0.0371289106568095
-0.0200071499996865	-0.0531271466701319
-0.0339134996232358	0.0298783984964155
0.0168184265153726	0.0143650541898982
0.0232501978072183	0.0437208747018609
-0.013311829433603	-0.000875736848585695
0.0544269259244331	0.0341536822351855
0.0350153762292707	0.0190266022428838
0.0277681720464316	0.0165235989494406
0.0131068229009297	0.00544822326077324
0.0636506885023093	0.0799791152059731
-0.00451989733161556	0.0160361085652697
0.0394567839375832	0.0341965189509458
0.00194044318242611	0.000627267683926563
0.0176482514073211	0.0327504219422439
-0.00654365073045208	0.0312180284077289
-0.0540957208388414	-0.02870604712464
0.00410722551881131	0.0143713760229341
-0.0494110830816622	-0.00156020917813588
0.0110673722204256	-0.0934052050600853
-0.0759758593533118	-0.00673936203844596
-0.0562654821285836	-0.0473435488780058
-0.0476743055553457	-0.0242590140653031
-0.0249097450485717	0.0639974836967376
0.00388453649652597	-0.0225115940732684
0.0105120341088922	-0.0460295571141586
-0.0578390379905428	0.0125395057387882
-0.00651572089642705	0.00930087589487174
-0.0963245241828869	-0.0167710288003523
-0.0650073282773518	0.000828818242445046
-0.0415178388335394	-0.00566671230630511
-0.0962662811470042	-0.00484684245980233
-0.0665445688609469	-0.0426445650674224
-0.0425672437987563	-0.0496058993969885
-0.0319847466411585	-0.0166380982087017
0.0620089786348147	0.0252729930666395
0.0276344792527786	0.0157170967423626
0.0596328783175645	0.0170893576513102
0.136400034467584	0.0618250131259719
0.0346359668007547	0.0346587457538317
0.0409628708051823	-0.00132054090193909
0.0215766733279392	-0.0401339393804841
0.0242008442512741	-0.00288785969580965
0.000706160725880296	0.029705719286934
0.00721960043392153	0.0103635562804574
-0.00347889445630475	0.0239595791126996
-0.00115030905770563	-0.000212827829353037
0.0297641280052514	0.0196822829591883
0.00249712242831946	-0.0067564755362393
0.0499391188709169	-0.00339297539580977
0.0712791261794448	0.0592370196836017
-0.0822150335375002	-0.0131386684493883
-0.0209772409389321	0.0166012923624179
-0.00301525800794683	0.00395635910595813
0.119019512519801	0.0573515457417114
0.0424893582263947	0.0511643793334709
-0.0404868557378978	0.000762677827411529
-0.0182842298411061	-0.000456519433025301
0.0024666148998226	-0.00551635974528659
-0.0264334774204944	0.0117094261310842
0.0527432157251487	0.000965824407784906
0.00294588635751342	-0.000145699001860731
0.0314752572048686	0.0185142889710777
-0.0160640692533201	0.00567808999772775
-0.010230053630069	-0.0268903200814068
0.0365599339064443	0.00915023253155959
0.0609381700517412	0.0147094980763916
-0.018237534573621	0.0430435684666987
0.00866454888306728	0.00364555852581022
0.013932369888555	0.0015365066137649
0.0751607202729422	0.0460218379261561
0.0725992693677682	0.0542976006702158
0.0231290441642865	0.0330778305329744
0.0468416882067099	0.0252943171203446
-0.0236722293699127	-0.0272583012588944
0.0230463725063481	0.0314208814833394
-0.0279611469024987	0.0111359748495595
0.100772966784678	0.122604999036353
0.0216275029218538	-0.020815983149624
0.0182122985919362	0.0318933280250537
0.0368061931529591	0.0204190528563012
-0.0191339467359354	0.00816406658007051
0.0236497328201983	0.0243020694997891
-0.0310088033871706	0.000653779835281576
0.0199929840155197	0.0175766733846004
-0.00725242693659208	-0.00610793487125738
0.0312561842941864	0.00929072346777963
0.0274186958424471	0.00942632947713552
0.0123478597741059	0.00411041269813354
0.0069862507242002	0.00115695785090755
-0.030877044850798	-0.0317484341080604
0.00444618745643458	0.00173024744925713
-0.0122896945998224	0.0437006721727986
-0.0382182275507308	0.0242855886433168
0.0131869500385115	-0.0125218428444522
-0.0465932415707726	0.0144965242804903
-0.00760808483913785	-0.00729127202913964
-0.037210281083515	0.0164803679887248
-0.071327380704052	-0.00396770693003137
0.0169476178147566	0.0177442462918745
0.0301236449443133	0.0215573047310047
-0.0296055946707743	0.0343870564083563
-0.000994801380112875	0.0151688826240252
0.00135585138769669	0.0143356458310984
0.00147081021385169	0.00168771520258369
0.0127303950029983	0.0122199946970116
0.0109106334377311	0.0298615373881261
0.0332265789453741	0.00942623137457153
0.00686410993523874	0.0530649051552041
-0.0270620323391213	0.0337316531008131
-0.00155683311930676	0.0296468839069899
0.00224432397914322	0.0144785911897887
0.00367387029407636	0.0658926103975552
-0.028522379734895	0.0403254891153523
0.0132722503265982	0.0210261329557193
-0.0280744139627907	0.0381734247440401
0.0142031175538238	0.0771783856226369
0.0282722956327227	0.0855035977925554
-0.0359033491090812	0.0291122998212891
0.0124618744690901	0.0208351220468862
-0.0155494707869076	0.0144240786838097
-0.0385052738016633	0.0644530197922133
0.0193651672244676	0.0298205929131639
-0.0256738543381997	0.00593928592890273
0.000178743066317205	0.0176042312823645
-0.0761817938447522	-0.00197826623010819
-0.000292477766927883	0.0172141106014142
-0.00593967328357543	-0.00838320052950691
0.0060659177061635	-0.00332529789318096
0.0401912562338166	0.0015746769759706
0.0129030274072193	0.0210605095770729
0.0134894726090354	0.0159080443265978
-0.0218343564785741	-0.0102548640125412
-0.00270860586413108	0.0204583847189996
0.00686641380984394	0.0443016942584355
0.028192700821613	-0.0141626525201683
0.0767494872126515	0.0211234622246803
0.00519839725229614	0.0337195997155905
0.0061432919740758	0.0412458736141137
-0.00530586969993608	0.0224818154740358
-0.00936310338874569	0.00586391396989941
-0.0184917127392583	0.04994336883075
0.0310846149662496	0.0020203812672361
0.031456333692013	-0.0117962480120061
0.0238190421504717	-0.0144416393158937
0.0336360379502447	-0.0257497722595976
0.0212112310084497	0.00197577678695896
-0.0254132179268766	0.0112682683063031
-0.029212932911461	0.00165704247497038
-0.0277434619090727	0.017358713651027
0.0130040805547321	-0.00025678133673049
-0.0189102897711897	-0.0148568469216474
0.0224905577069522	-0.0191800015745121
0.0176819606938639	-0.0426504705098818
0.000463531943088211	-0.0232555135947987
0.0134072052495487	-0.0494386286764269
-0.0533983932669864	-0.0192649749442623
-0.0435346785264518	-0.00965336028043142
-0.0094764514528567	0.020104200085258
0.000172255797622154	0.0141004792203122
-0.0214741869105884	-0.0223955324420015
-0.0245681362653603	0.0143647586784495
-0.0392901672943642	-0.0128591885208451
-0.0262457138806706	0.0146583261594598
0.0322921984151896	0.00930319826547909
-0.0508611987710865	0.0368499213506496
-0.028420737050777	-0.022636687231785
0.0114557535594127	-0.0298317182488036
0.0210379512784003	-0.0016004216506565
0.0178146831520567	-0.0121207266764557
-0.0146879664321315	-0.0199205688167053
-0.0104686722026811	-0.010467367301596
-0.0345020681184137	-0.00312463125984551
-0.0285645191996381	-0.00575011081295877
-0.0251026587209756	0.00452953612836075
0.0233401018332586	0.0282532220148238
0.0315846994785586	-0.0148232182602187
0.00251685583728001	-0.0190631172584681
0.0159761292377527	0.0178517195989752
-0.000670185049133958	-0.0229508092810391
0.0293591679166048	-0.0149510764873704
-0.00560364115194145	0.00684578821381662
0.034987067161552	-0.00732267792951622
-0.0249863083815124	-0.00644798720608181
-0.0259577343447632	0.00500245436072994
0.0373154418106448	0.00117455655443565
-0.00722489448945064	-0.0139202284449469
-0.019916341879329	-0.0708666831254912
-0.00199678161340864	0.00449276175095453
-0.0195396170113067	-0.00397856455656469
-0.0244570171486183	-0.00286436030002461
9.25240821426721e-05	0.0185026524479067
-0.0107360736494975	0.0885131620395573
-0.0301566569225863	0.0119985949658665
-0.00700861839899789	0.0188075701658317
-0.00623788229985537	-0.00667519977617037
-0.00457503284883086	-0.00531566273674933
0.0175429920798305	0.0484736354398511
-0.034330304680041	0.0437814403726955
-0.0118123023926299	0.0284573028683868
-0.0139328861761621	0.00671547011213261
-0.00709349274202573	0.0215871404230865
0.0211824903483685	-0.00628605872624259
-0.0181274137393357	0.0241745144169896
-0.00755070627834785	0.0257996401865468
-0.0118580115092213	0.0169257977456585
-0.0036102137535695	0.0326914883259674
-0.0219606930820199	0.0126964377582211
-0.0288374928247445	0.0120787497703959
-0.0394749150923536	-0.00557896429033158
-0.0164223828028984	0.00981904503673549
-0.0171827085836543	0.0120310665271425
-0.0116227203612312	0.0204387013548971
-0.0170460734963255	0.0124605634357042
-0.0148172651904474	0.0162214216006556
-0.0316517427987936	-0.014429233754901
-0.0355177520489592	0.0214955962317224
-0.0246538707386378	0.0307003811999897
-0.0268836161087682	0.0263034805329439
-0.0290081013769187	0.000238250956294135
-0.028226024499571	0.0484894958444034
-0.0398887681021192	0.0191215166276851
-0.054413578806391	0.0182284553164084
-0.040330039143708	-0.0536623567223842
-0.0454982336267674	0.0275507636419402
-0.0335782499545122	-0.00957126499098157
-0.0166418597935497	-0.0150915019990928
0.0178820264737966	-0.0223474722020476
-0.00472975281370495	-0.0126919734586941
-0.005851718680815	0.0027066314283175
0.0031622669802823	0.010011628466325
-0.000683225870230615	-0.0423467303906534
0.00971642033277014	-0.00567582244020988
0.0218662475604731	-0.00119025133673101
-0.00386548380325502	-0.0415022153613128
-0.00536876471844624	-0.0195586182038547
-0.0152892433388774	-0.00399048931897602
-0.0243356083453171	-0.0133601410082316
0.00125529913762621	0.00664989861181705
-0.00189039986162751	-0.000942298802748663
-0.0119726992291801	-0.000544560858864123
0.0282378700097764	0.0273862844064641
-0.00248241681931171	0.00246601808588234
-0.0191784020110997	-0.0310146938310492
0.0242875991577438	-0.00550178586406844
0.0113760191155723	0.00100276874005185
0.0363981845787944	-0.0129819723524104
0.0257016696659105	0.0124204593319957
0.023010888692101	0.0177059158945938
-0.0104799134575645	-0.0370413350774501
-0.00712993090924186	-0.011914214831771
-0.0263916203063855	-0.0305893042617602
-0.0590627763335421	-0.0413514712824226
0.0195683223944197	-0.00512080880696163
-0.0212747524023451	0.0207837830765847
0.00305551928358695	-0.00605259170017545
0.0251188538705887	0.0335654832468283
0.0154295370487008	0.0176478943878132
-0.022796128269633	-0.0530479318684514
-0.0036842250491445	-0.00803469037376453
0.0219217973128673	-0.01343307377694
0.027439792710431	0.0011049888606442
0.0259031278194055	0.013440883870321
0.0160589851065994	-0.00226688078846905
0.0540761055454298	0.0196933004721148
0.0229725250714185	0.0220162874665427
0.0160059209678062	-0.00856657966369939
0.0201393992863643	-0.0152562109878538
0.0250649510312428	-0.0318259139174243
0.00477792601802076	-0.000596133047452474
0.0239898655294014	-0.0136537325290915
0.0219046544659438	0.0120572650233841
-0.00850083797285877	-0.00953824452688526
-0.00290597776435462	0.00661971631909604
-0.00284571784734681	-0.0647366839826829
0.00297179372919745	-0.0374581687653055
0.033427855939351	-0.0347902600884809
0.00732885594511712	-0.00966735932576786
-0.022893377263216	-0.0105256729038006
-0.0073152277031612	-0.0442078093874033
0.0275498695173046	0.00829350981916593
-0.0353199002751291	-0.0124852419933156
0.0473045242134207	-0.0596351926513021
0.023144521226677	-0.0412307000016714
-0.00808265000057806	-0.0257939979233108
0.0147103906739899	-0.0105112074575804
0.00717062473679411	0.0337156921271166
0.019071149080872	0.00828171756363822
0.0304816881314427	0.0534823437771472
-0.0168009726127426	0.0276511433727586
0.0116821458302795	-0.0142547349619774
0.0151412095695201	-0.00810832012888654
-0.0151714503207158	-0.0159463623622706
-0.0230197836688634	-0.0020350933943954
-0.0298152346644905	0.028848757166607
0.0209148171149497	0.00659062150748395
0.0268013692447435	0.0127405010317259
-0.0387126550019894	-0.0138519231453632
0.0162304562325554	-0.0113805882540719
-0.0162052450752764	-0.0189133248815576
-0.0071692931051065	-0.00491326393168105
-0.0123172171085816	-0.00737552821233972
0.0123300211517328	0.0300080850477952
0.0223936562042453	0.0160086172214372
0.028810050982288	0.0368329729602724
-0.00524049324222931	0.0548200784355375
-0.00171371839666085	-0.0239739566193798
0.0148848535694068	-0.0162273370951368
-0.0299446236955478	-0.00609889270801748
-0.00737974529266469	8.78184860860797e-05
-0.0330199072368241	-6.98883076214595e-05
0.0182151833264705	0.0256508939763942
-0.0257579674318252	-0.00258171994736864
-0.00949562159167014	-0.00881360136639858
-0.0169518678747979	-0.0447979310371521
0.0052488590227145	-0.0199054022393782
-0.00421485444555739	-0.00389150560500016
0.0115670717134877	0.0224114231509581
0.00418681802860884	-0.0152240593896103
-0.0271918867729265	-0.0103768787423659
-0.0166202064511922	-0.0099358089206348
0.00139156104805079	-0.00611321107285371
0.0190261014503775	0.0211370833526892
0.0212312017284939	0.0339523364086788
0.00317978349696212	0.00565507978147976
0.00554354014544721	-0.0131377958485382
0.0179450267466067	-0.0189536508756396
-0.0103397515207727	-0.0249632792883938
-0.00141406244104763	0.0191030156608049
0.00887296344901889	-0.0124912289873609
0.0319415505068879	0.0172188123002868
0.0411710455495066	0.0134736094890695
0.0410131033395554	0.025058485421791
0.0329531966023711	-0.0354050528043702
0.00210734334987047	0.0298490274585853
-0.00696668384566193	-0.0158232031571343
-0.000817956654002416	0.0270536749687699
0.0163123382745776	-0.0168014037504332
0.0205119806441866	0.0197555283999621
0.0196107553389996	0.0438355294044856
1.20739496397208e-05	-0.0363091528977892
0.0177325706202194	0.018909138461062
-0.00904804116973683	0.00516154345756425
-0.0071657064007286	-0.0396515119404645
0.00678828193377645	0.0129432328831583
-0.0104903558973468	0.000650716285778533
0.0283332437669036	-0.0180593541008505
0.0146097839945084	0.0136207010541199
0.0364235626116173	0.0238797618242598
0.00648200792788024	-0.0104546906545589
0.0067175738843069	-0.0100675793381873
-0.0102550915401531	3.13219544967111e-05
-0.0146745785074956	-0.0557454917499368
0.00359090496698918	-0.0117145226563826
0.0596401323481844	0.0600308576378412
0.0336516144212793	0.00828117060485539
0.00850372216602519	0.00946563061117814
0.0426824578380896	-0.00850618629103637
0.0181422587070365	0.0249292750523342
0.0320202080099354	0.0165747789930174
0.00789256556515916	-0.00480771748201479
0.00741207263734757	0.002372984779158
0.0139037617562242	-0.0218836749963518
0.0164595340690198	-0.000267126881987321
0.0421384928883403	0.011484024252935
0.0207751007537611	-0.0177515749985534
-0.0164238848890493	-0.0251749149027102
0.00883311294537949	-0.0122748673245237
0.0259604114166299	0.0275413894058174
0.0187534554768762	0.00290755652557217
0.0548020928343273	-0.0135628848500762
0.0339951856366787	3.95117506085322e-05
-0.00378527618585475	0.00669428253327625
0.019048278923376	-0.00426355199923844
0.00640894390993121	0.00946327099955581
0.0137393062174926	0.00406118341929931
0.0349126770719112	0.00331542568022323
0.0133547639575541	-0.00499441052578729
0.0505685573251439	0.00312251001672079
0.026514963969825	-0.0015466001537893
-0.00240915799814085	-0.0183775798771952
0.0306964503035058	-0.00235279112108934
0.0237459982123946	-0.0135158789463881
-0.0650697956212577	0.0133787262618792
0.00251460331601525	-0.00696564267446455
0.0258788408144634	0.0274829947474019
0.0138490064302709	-0.02936309221663
0.0191710439327336	0.0346443212212938
0.0128099192954188	0.0251577517824083
-0.00645879310561875	-0.0333889879883627
0.017470360470872	-0.00295849896137429
-0.00478398823887382	0.0163415095358045
0.013182953252422	0.00941043733986809
-0.0103183827255711	-0.0842584153215037
-0.00320606854075886	0.00456159105034573
0.0197804155022699	0.026088133429896
0.029696765869952	-0.00583786091185084
-0.00599453586658956	-0.0184587218224589
-0.0173675430375512	-0.0224508112453147
-0.103793786572923	-0.012646412084719
-0.0195557605610146	-0.0248966064262001
-0.0125694695865994	0.00948159706735406
-0.0265222046794892	0.0105481173031011
-0.0019518169522356	0.00515498849047194
0.00682873830723386	-0.0275752757140465
-0.0058936883138192	0.0488743478325289
0.0414316133573498	0.0121047114111363
0.0123792113926243	0.0136981533906522
0.0207916590947044	-0.00731321235914258
0.0760551862196895	-0.0253606276524748
0.00482004391845145	0.00989289935050224
0.00569695489277617	-0.0111898570529426
-0.0085563550297558	0.00414406314411355
0.00646897972285986	-0.0467317198676005
-0.00926342640609095	0.00867825934265297
-0.0204189709162877	-0.020029993198358
-0.0144952960615764	-0.0153862470051191
-0.0318412973745541	-0.019236585348282
0.0136964215339093	0.00244105669832221
-0.0138865318609705	0.0348444959914621
6.51968359968105e-05	-0.0215852093839019
0.00534110051017252	-0.0421709152953518
0.00357396170471473	0.0327723550108859
0.0231737072905035	0.00185037028739
0.00612394893122873	-0.0162090477002408
0.0107076187550563	0.0174973109561149
0.0159292336411371	0.0119648094147813
0.0171764803818852	0.0109850357519742
0.00696431433829256	-0.0198187572177967
0.0129994411126589	-0.0240290446633749
0.0624479595277478	-0.011438918472678
0.0367895362483004	0.00565055442996861
0.0472359484622245	-0.0188359983021857
-0.00600408424130126	0.00971353865726919
0.0153254394632104	-0.0321672897804257
0.00600312669572601	-0.00864845730852524
-0.00262218289853544	-0.0161176137548407
0.0169331218760384	0.000498263210114653
0.0243087735367276	-0.0161170105769584
0.0102008047595452	-0.0293222784803117
0.0173659082823251	-0.0163323098864192
0.0257202201670888	-0.0358279929563149
-0.036478462762734	-0.0197250683407857
0.00737169765984153	-0.0118943275859486
0.0262350706950327	-0.00655064033210258
0.0141271963271628	-0.0106083706833237
0.01682237962711	-0.0196779205652384
0.00675413777157968	-0.0164513714556203
-0.00158046237702404	0.00664790912367203
0.00508467499433087	-0.0122674547833406
0.0436463452312916	0.0174090900378729
0.02372458759927	0.0301328762390403
0.0125660776826153	-0.120348504728288
0.00657493878528266	-0.0544820838932636
0.0208730341405746	0.000696726167980126
0.0148008291214759	-0.00663610129689924
0.00362374082398276	0.00727119984847849
0.00900244809501528	-0.0356731528498393
-0.00128570149198199	-0.00942887713202637
0.00309083162205513	0.0108545323653949
0.0107203311769379	-0.0264971017277673
0.035264065105916	-0.012718177288716
0.00155955244403399	-0.0443227256957725
-0.0173257314373147	-0.011435735856791
-0.0187250087288992	-0.0875108299979686
0.0125240534785778	-0.00135633469773145
0.0103637772926107	-0.0244338740195099
0.0117008317225071	-0.020382860782614
0.0270786082385873	-0.0404222401951354
-0.0176279787776971	-0.0389660579319763
-0.0177320170305128	-0.011545660758555
-0.00640352628298945	0.0155237793788494
0.00473263777296206	0.0143367659787604
0.0463446374174539	-0.0153362865917438
-0.000375569810190984	-0.0040319257952354
0.0149914775679766	-0.0118137600062284
0.0363757250140582	0.0160969557248359
0.0323722734788204	-0.00930719096341454
0.000505865085477294	-0.0469998545045145
-0.0219167832634038	-0.0370090664861113
-0.019677612404395	-0.0152912138981416
0.00161530913836566	-0.000454894913416444
-0.00123244231059981	-0.0194174732218714
0.0197753440164724	0.00748610229549299
0.0273808855022978	-0.0373178955726812
0.00252183157231507	0.00326050941713255
0.000179791464433851	-0.0507770593093909
-0.0205894664944749	-0.0376251660517625
-0.0142964565786465	0.0191131519873689
-0.00802312735862533	-0.0153310132347831
-0.00428738802090576	0.00525138690514875
0.000922083518588483	-0.00953069956041073
0.00156298859537185	-0.00758847722897456
-0.0115712206613683	-0.0467321869169666
-0.0341494486809645	-0.0328787393899253
-0.0201942785565745	-0.0252796444876708
-0.0116043815719424	-0.0221928996042482
-0.0153073970099259	-0.0574078056254931
0.0255178450752738	-0.0551798568120449
-0.0105631094149063	-0.0114520297767649
0.0326835337114106	0.00133944328031669
-0.000265081032511664	-0.00897579148322895
-0.00894646971009566	-0.0372375534291911
-0.00831857812148742	-0.0380699522727032
-0.00835960223298706	-0.0291690595908993
0.0185310113440094	-0.0271703383811883
0.00181195385079829	0.000290730723030656
0.024231369528374	-0.00372869482573133
-0.0286058291194756	-0.0348117520337165
-0.0158759082900045	-0.035734562735123
0.0145226838139834	0.00397889197453712
0.00171739261826813	-0.0235312982977635
0.0119150300577227	-0.00393871864500324
0.0384424551404802	-0.0272037755084316
-0.00899346867714619	-0.029877688974751
-0.0327140516536023	-0.0155966283350417
0.00524288859418455	-0.00827441097495098
0.0225203982483595	0.0125555098193433
-0.00105383847563826	-0.0220468128325251
-0.0054334872132899	-0.0016998573367408
-0.00493613079454373	-0.0182100056707374
-0.00399615575989264	0.00139638927880226
0.0175237087803643	0.00865594662507072
0.0113441548513817	-0.0179220214311606
-0.0600130404457829	-0.0210400122145066
-0.0212457733975257	-0.0144918059605932
0.00481190851444633	-0.0790993874351332
0.00955905126041277	-0.000957000466047028
0.00895402127974852	-0.0163051899395643
0.00685981228519419	-0.0266451442955604
-0.0140553922571753	0.00268019677835052
-0.0192263320268049	-0.0457433949960466
-0.0173902581699817	-0.0251076495189766
0.000372753476195302	-0.00490879453115053
0.00723282614290303	-0.00745178624294867
0.0377566289844366	0.0112786918472167
0.0175927048289563	-0.00444228185542653
-0.00142489312168706	0.00124219554797229
0.0155482499482441	-0.0130091028551005
-0.000924131741658643	-0.038159259219603
0.0105043141402903	-0.0114575294077845
-0.00207100556295121	0.00797963221578069
0.00263560821712237	-0.0143777464207508
-0.00333139712208155	-0.0501640280347875
-0.00892282916741979	-0.0498540172500152
0.00624688364517772	-0.0305525637224106
0.0142697812689817	-0.0422701006497396
-0.0212179097157108	-0.000800405783663065
0.0051887883135923	-0.00801861052402181
0.00242025061426115	-0.0163318366530524
0.0116871589773364	-0.0229501191026532
-0.00417510648332141	-0.0364171122434059
-0.0111132990687444	-0.0633137606359315
-0.00923734639254141	-0.0566538978663861
0.0167071888329006	-0.0206471986813695
-0.00790566883680111	0.00317103595918179
-0.00985304508951448	-0.0437697988915258
0.00810064067022238	-0.0162517085047895
0.00706871346250749	-0.0167991321664952
0.0182806594139533	-0.0278563022246372
0.00015892043730918	-0.0288919274841805
-0.0121335658305739	0.00126837244909222
0.0351262982444933	-0.0943684905049652
-0.0218538849165991	-0.0111440782549105
-0.0163380580458297	-0.02958624872875
-0.0220888253481727	-0.0255131533185602
-0.0273665309911734	-0.0127534041912887
0.0206647903021691	0.0225190403642415
-0.00180838012050459	-0.0107755861338929
0.00369767382519363	-0.00250701709569542
-0.0161510329452184	-0.00636476605205343
0.0199194020883898	0.0188116288720356
0.000620570041169062	-0.0230462660963109
-0.0303330669559768	-0.0355220494978157
-0.0173821755176775	0.000749260193286026
-0.0319777188712005	-0.0229810611344479
-0.00102937233221354	-0.0220931807681537
-0.0691207160004035	0.0253486275075852
-0.011239658733646	-0.0119324470361811
0.0129816570997115	-0.030791913297044
-0.00672070738554003	-0.0599820679537972
0.0168689918876292	-0.0612236441397566
0.00203079680449011	0.0160730614012243
-0.0127873522086816	-0.0287206881803713
0.021870612154436	-0.0464573008901893
0.0149281752809838	-0.00204445000267084
0.0207392807913989	-0.0145457978219672
0.00738636067324112	-0.0380898203636746
-0.00677237102589791	-0.00513146323641446
-0.0211128357655255	-0.0367362988304606
-0.023906525301285	0.0153605139932498
0.0345332793740102	0.0340915756426748
-3.16911329645823e-05	-0.00610120356691825
0.0213130523577208	-0.00819593859353942
0.00196066745478433	-0.0179659304721447
0.0299214795754523	-0.0035979622789799
-0.0109782806656831	0.0285399292711848
-0.0190274234911198	0.025820295450968
-0.0121841202126917	-0.0430734233855774
-0.00903248786007425	-0.0238041477478818
-0.0169291416231881	0.015971847377507
0.0187271252524728	0.0295572951174707
-0.00749778806325681	0.0267971129173381
-0.00893214972950793	-0.0314942420627782
-0.0360275525671814	0.0116462360268822
-0.00689245510782702	0.0102122958676588
-0.0121483712771518	-0.0100889659343381
-0.0272161792827948	-0.0173821322518317
-0.00140383558374479	0.00560804534421635
0.0115771312711631	-0.0231967287290331
0.000338916553878457	0.0123624051736124
0.0030249663604504	-0.00031184061933563
0.00829487847267829	0.040003199594618
0.0152775163495269	0.0254804440134821
0.0122765131141062	-0.013199446226345
0.00379897960278406	-0.0139532532221502
0.0195055765671264	-0.0171583939207325
-0.00967926683689223	0.0108053720344774
-0.015957749179023	-0.00515163408093433
-0.0125704352676263	0.00858883554109743
0.0157606311167001	0.0614496920392647
-0.0154234559727129	0.00218011478990795
-0.0105922897275675	0.00243382722802066
0.00773060157823904	-0.0062000302795884
0.0212107110913476	0.0243215161850627
0.0366450247779931	0.0480841720089007
0.00168183462529979	-0.0251198125926121
0.0351045198799626	0.0124492659649273
-0.00409480301444401	0.0158170294616911
0.0151768617165445	0.00796162037037755
0.0116106676004358	-0.0073799471262897
-0.023168293270826	0.0133276980259948
0.0120160597104938	0.0110103223068059
0.0228929097554136	-0.0601482223520074
-0.00327592964123836	0.0175148967894026
0.00435043814596544	-0.0222862935801296
0.0174556143891644	0.00731188320537556
0.0140908009350625	0.0334616938042331
-0.0190816998750493	0.00433774882396334
-0.00250701129012026	0.0212375707843394
0.0115825729326058	-0.0368079093747135
0.00712822703154276	0.0209163842265473
-0.0238372988162364	0.0119961966282594
-0.00646129228958582	-0.0142463269351662
0.000664297926044501	0.00384848597566545
-0.0250075413328053	0.00876716697867456
-0.00718645977196251	-0.000670528807390267
-0.00622827306667339	0.0204022441022557
0.00232277451584358	0.0204081522508914
0.0107168417156149	-0.00373171539697525
-0.00835309062740672	0.0364545464882068
0.0235049190074022	0.0342070654439674
0.00664996548269772	0.0283883159098638
0.00350891087770634	0.0391653481099453
0.0206703266815974	0.072482491343369
-0.0110772909313348	-0.0157111230787329
-0.012631826800126	0.0166398392363671
-0.00493355137985969	-0.0057410244123982
-0.00211875769568775	0.0100951636161883
-0.00959231719502575	0.054822129957641
0.0113985841785422	0.0605272860635615
0.00209809757763824	0.0487058558067225
0.00924430532109757	-0.00845169819904313
0.00898559837104795	0.0276971005636308
-0.0215097737995048	0.0186339586817918
0.0465555400346814	0.00443585101459678
0.0250797741386985	0.0323370782824816
0.00251255568895423	0.0176486275373544
-0.00292092294463574	0.00743833930910414
-0.0139328150036544	0.0145443879970309
0.00666704924677943	0.0105933060387347
-0.00465749329978212	0.0778729444000695
-0.028598933555226	-0.00883777675337197
-0.00646091671950222	0.0193942751682242
0.00261769869029904	0.0326598975961574
-0.0420405280271228	0.0390989001646933
-0.0344728621555567	-0.0494800356118392
-0.0134469356240539	-0.0360125149433999
0.0113330064397272	0.0235540333607777
-0.0309575834914624	0.0223126188170012
0.0351923692008743	-0.028008083256785
-0.0170893108936113	-0.00585122250399217
-0.0208475733707035	-0.0707491007707623
0.00205255983578042	0.0102995211633957
0.0140397098408601	-0.0291063248518027
0.0216576903779972	-0.0361407081242965
0.014287749473815	-0.0395964104437582
0.025012650086499	0.00916921851231318
0.0364088864393322	0.0149196262500963
0.0417427466374546	-0.0877834540255355
-0.00540748206224041	0.00990229980087217
-0.0140619367859363	0.00201829189474317
-0.0324303365958621	-0.0300469238065829
0.0010875954202964	-0.0271079179868476
-0.00517453973829183	0.0468431204797116
0.00167877551673494	0.0287574388034657
-0.00874524698185927	0.0303029445725789
-0.00787438205046791	0.00853473445180877
0.0255474032554148	-0.0159498450154601
-0.0025841210984293	0.00406921803716617
-0.0141744166167376	-0.00842707180473453
-0.00890400618270819	-0.00287428915983503
-0.0130402606530284	0.0224146846373511
-0.00876156660214589	0.0550345406720153
0.0175367440239149	0.0466982281371811
0.025116490278489	0.0349523536000016
0.0160971979159818	0.035995636491744
0.0048464375370701	0.0306273524717667
0.0444190764704922	-0.00339934950707784
-0.00772691264742649	0.00330773230337936
0.0300930552599637	-0.0268004894748586
0.0132930255806729	-0.0058758339792927
0.0194475641819366	0.0336844893994534
-0.00458367823828583	0.00655899390239784
-0.0198349113152602	0.0267894731030457
-0.00183683455186546	-0.0734025997703446
0.00256699942188169	0.049971365759538
-0.00268388391173106	0.00603978627411469
0.0096946180718204	0.0136386925818069
0.0333814316989725	0.000895217978465116
0.0182858383276835	0.0100074357889516
0.0182084266413828	-0.037231759180443
0.004211428589633	0.000236883778390038
-0.00953192886661195	-0.0372158906867341
0.0236105790667908	-0.00159109197744532
0.0109419864645034	-0.0192615948211609
-2.56087625035721e-05	-0.0639664912073033
0.0115223488135757	-0.00553033178503056
0.0247955109690834	0.0255759837332086
0.0487434661166671	0.00346563630690786
0.0476774510833598	0.0115855576633574
0.0108565884532649	-0.0124077917580647
-0.00444331796084942	-0.0012667492235167
0.0112606766505785	-0.00848869200398399
0.0144996839107381	0.0300157275218394
0.00759469666069614	-0.00554397479580972
0.0144506224147827	-0.00852406511212022
0.0347786360175284	0.0160461114133485
0.0220434892214067	-0.00192997920897261
0.0215181925555001	-0.012008369166804
0.00820303762553481	0.0234557025941828
-0.0055842017757952	-0.0388270775052988
-0.0268814854247415	0.0325732302407116
0.0310995549265199	0.0275644732283842
0.0305710235323192	0.0097161807689095
0.00982841339151851	0.0159863290012941
0.0387412126301806	-0.034249415634603
0.0136709355078274	0.0345698655155001
-0.0156432085033259	0.0193156180157785
0.0242881190015303	0.0526789265922444
-0.0291665676214882	0.0379681237672275
-0.0130026759372243	0.0269143282070271
0.00218121663793246	0.0222123332440511
-0.00221528793567547	0.0121374337400308
0.00973419553269562	-0.00253432017403215
-0.04146542502214	-0.0564617175712214
-0.0264894665224494	0.0161921785234542
0.046166422528396	-0.0573747592524384
-0.029034037552283	-0.0121930834922826
-0.0104977791870144	0.0243839260765686
0.00547758577142181	0.0323962504646137
0.0134000538021623	-0.0403834794975785
-0.00848407066848572	-0.0532378673407582
-0.0272812847226557	0.0299449370995265
0.0104804859200483	0.017009606362295
-0.0117535193959399	0.0436767768921454
-0.00556396923821393	0.0101136763545822
0.00480442902812234	0.0359357270172014
0.0164584634803035	0.0299927302945841
0.00366052521123172	0.0188570135285344
-0.0147807716810612	-0.00956495508701147
-0.00640931152427499	0.00332988501996254
-0.0152501211227758	0.015727362992142
-0.0436638490220703	0.00681528439873565
-0.0242299681465333	0.047785197050217
0.0151811765482031	0.0679109785737879
-0.00751166156708594	0.0125484044224665
0.0427975414023867	0.011062971712741
-0.0102729664345912	0.0370632546948334
0.0417470705565441	0.0473704786232545
-0.00461706286288901	-0.00526357990115641
-0.0117301924678786	0.0361231648895854
-0.00897211632204687	0.0503587350733001
0.0137471417343546	-0.0270340547220885
-0.031402592566676	-0.00421708152349252
0.0136556015849338	-0.00777935145137529
0.00544729471663278	0.00831831312138768
-0.0435207432968705	-0.0130111922493156
-0.0327371187942574	-0.0237138059332429
0.0172030366515647	0.059822157286333
-0.0211571261113207	0.0485009685384232
-0.00382341168948433	0.0115181012678453
-0.0115920375060056	0.0212991294768395
0.0174765489917388	-0.00340288429709922
-0.0369415855752026	-0.00833266388167296
-0.0228379574931452	-0.000808999759732836
0.0195244676015659	-0.0467972116438508
0.069694340784596	-0.0771244110340205
0.0026022780100113	0.00433008232093664
-0.00101421941116413	0.0192359400733569
0.0245701340015301	-0.0208400020937056
-0.0333377296966025	0.0364158445424464
-0.0289522668242614	0.0148131675555343
-0.0194732025258234	0.0222053101508321
0.00716980089437255	0.0326666651295363
-0.0128247452433562	0.0167235299738803
-0.0377902246701306	0.0259526889321064
-0.0174536373130095	-0.0102212847097194
-0.0430576155451189	-0.0452144614675576
0.0166752103852999	0.0352609255124001
0.0173435524140713	0.0451963829255826
-0.0201557867198415	0.0349716320807062
0.0136615868644067	0.044869633516623
-0.0239870568516485	-0.00525296676995446
0.0159928222850792	0.0135725824470712
-0.0308657588127851	0.0301005831952922
-0.0288802230475619	0.0524390117599775
-0.00356879870047167	0.0161203077090604
0.062207931142645	-0.0661177548239184
-0.0241196591667745	-0.00143623470244169
-0.0126930096083441	0.0418905569633608
-0.0285826693655126	0.00323415260410033
0.00154930699947271	0.0194130692431598
-0.0341726947758825	0.0293593110887877
-0.0423375829530497	0.0502948133378073
0.00646828806330635	0.020766918226491
-0.00468685122050225	0.0214546595243426
-0.0307653140695502	0.0364512763999232
-0.023936022496349	0.0317416735221532
-0.0173495951819418	0.00904893820036774
0.0178699284768208	0.0405757224695486
-0.0237942260433017	-0.0703406008990229
0.0229302283836028	-0.0938797959814783
-0.010955263265918	-0.0424906767284054
-0.0230769672561338	-0.0315760484883261
-0.00240881132728043	0.0346774562574717
-0.00293471968366379	0.00602670815940374
-0.0266961807016055	-0.0143535923178445
0.00519068733535051	0.0421915326275724
-0.0186742163187423	0.0311726056553025
-0.022484658497359	0.0224998278232388
0.00305664194195246	0.0320301673767856
-0.0309828123012347	0.0298957449468981
-0.00884529590980487	0.0252715565390311
-0.0230790180846617	0.011413025592564
0.0129505887136677	0.0226450901473146
-0.00969882563508593	0.014442390669653
0.00296156972215928	-0.00560316194074954
-0.0154161234681797	0.0317013622780369
-0.0288878412285748	0.040192574567567
-0.0262117079598822	0.0756276973288271
-0.0267286869278322	0.0232289792612871
-0.0334612375105345	0.01470147867736
-0.0241302402468534	0.0544850570090236
-0.0394623153861198	-0.0231253471253915
-0.0722499524656815	0.0592054554047731
-0.0192996297578072	0.0600897454864994
0.00309752545685797	0.0758853012734225
0.0137168877261674	-0.00125084384885672
0.00311166439276896	0.0036489178810843
0.0204520164048102	0.0334134297493949
0.00660216113403846	0.0162446470759323
0.00746774407121125	-0.0486031428019225
0.00344766229025075	-0.00377564724335342
0.00879755279055561	0.0125009868075364
0.0242355536313343	-0.0509435318595296
0.0370129373432381	-0.0117634263833627
-0.0123700569656762	-0.00481933928115369
-0.017692445906455	-0.00322038724280962
-0.00238571618896384	0.00948635134688179
-0.0014612008111159	0.0134547604948074
-0.00162804985276747	0.0190299443593373
-0.0151212865544454	-0.0457426449372361
-0.0169403633910202	-0.0486302968203375
-0.0218826483346138	0.00287568202411504
0.00636705800341373	0.0119685282440131
-0.0108833637521767	-0.0482546804009321
0.00124575754988934	-0.0102119761525846
-0.00018410472224279	-0.0142725730599518
0.0165556352105234	0.0132761434806801
-0.0349873292129947	0.029315635190715
0.010469377710099	0.0145892676458013
0.0148597859092087	0.039113426263221
-0.0123645440426221	-0.0186425396367766
0.0167516835985465	0.0125048081469187
0.00533800956337586	0.0135515287637592
0.0218077549576412	-0.00480028431336415
-0.0203642175632603	0.0260197504451039
0.0237145894422023	-0.0356119916543041
0.0453226395398723	-0.0652000337967315
-0.00130937628319858	0.0143350495643347
0.0121237938034937	-0.0079768564816945
-0.0097881158237406	0.0286725217110696
-0.0113656122062576	0.0115009656506796
-0.0315921256800524	0.0486147229039056
-0.0682571311471816	-0.0669246707411271
-0.000605858230999079	0.0203108281874361
-0.0347064324268929	0.0353665846399072
-0.00398915646302197	-0.00757086397517613
-0.00852057482047912	-0.00181247240227074
-0.0305468445836656	0.0703300151229106
0.00636144269815832	-0.00740372464783699
-0.000951072896392191	0.0256401658686601
0.00764095287595934	-0.0107412622020059
0.00130524752116709	0.0433230729646055
0.015963298670975	0.0211587637059359
-0.00110043636505411	0.0238065225133234
0.024064333841828	0.0204682701632081
0.0073273680719266	-0.0442131886316827
-0.010476188601418	0.00160514627617157
-0.0228300907428763	-0.00844090283189152
-0.0167310183541231	0.0226801200620735
-0.0319301935599545	-0.0418106731939356
-0.00761800871324138	0.0237151651586803
-0.0140831071116594	0.0127447753269255
-0.0447362975818011	0.0266968765890655
-0.0146829019425594	-0.0247249680823727
0.00720844352921469	0.00515963012423714
-0.0335306969423053	-0.0069204880960773
-0.0124132850024739	0.0129492351773773
0.002592239992005	0.0289142642594045
-0.029880057529822	0.0296735008826351
0.00737449670370849	0.00890730440753211
-0.00983091256833362	0.00176212756390942
-0.0197349853881225	-0.00841471001789721
-0.0486586257279394	0.0215739789498946
-0.036053595455826	0.0383499737926492
-0.0314969971330706	0.00187492603755862
-0.00767229280784465	0.0333371700696984
-0.0140637994099986	0.0388510179789433
0.000490471240374788	-0.00667215613144979
-0.0588725802582679	0.0373407374518645
-0.00296625360198544	-0.0261503471848523
-0.00381959357981664	-0.0611488221086729
-0.0209567876484746	0.012967372615392
-0.0196817698546548	-0.0570185508770278
-0.00148694832786793	-0.0764308868221248
-0.0208828325413526	-0.0120597791607758
-0.00394165612962412	0.0440355893606785
-0.0309841981233019	0.0146532460550239
0.0105278422505316	0.0352797561467386
0.00758074298660999	0.0619628494305149
-0.00722629064312022	0.00615106960435404
0.036691168484296	0.0805251939821159
-0.0433427333689349	0.00811558394400685
-0.0305123263857525	-0.0786769902988558
-0.00392082966833517	-0.0819633894016595
-0.0119638145055285	0.00854213914921389
0.0239626948110953	-0.0339241854666499
0.0129950602636607	-0.0541886458201891
0.00681727806838832	0.0428557499445509
0.00528038230304707	0.0251651408062793
0.0264149886955337	-0.0510680518069346
0.00615247415953995	-0.0901393883630175
-0.00642994267358678	-0.0911799773818764
0.0353798474688686	-0.116110777971857
-0.00539260281247938	-0.0450141440810015
0.0364667130357503	-0.0419717842662257
-0.0163077821454223	-0.0227809226195303
0.0066472102024589	0.0263945014193097
-0.0200099901108248	0.0373860410927732
0.0476845560470871	0.00689193815813878
0.0150344382525586	-0.00972360444579328
-0.0509671486735621	0.0191279746581509
0.00529223613019147	0.000879129077103522
-0.0029965994207207	0.0192331676088614
0.0286636986056077	-0.0987876921300826
-0.0197956563063123	0.0305419783836561
0.0394238350097596	-0.00406453112968306
-0.000519212466797327	0.037623871696487
0.0158689003375931	0.00669564286577756
0.0383914472602242	-0.0361171366092159
0.00333955739513187	-4.43257081839343e-05
0.0391113555643641	0.0323639589473562
0.0111028100438121	0.0194320405726327
0.0171071923883147	0.046155955036292
0.0160729834848946	-0.0349820054043674
0.02386831507493	0.00660687529330402
0.0178260256301129	0.0334205939008591
0.00814032334962976	0.0208408267451596
-0.0190534369389896	0.0289001521669312
-0.0142400106327102	-0.0162677434564639
0.00497349436066577	-0.0336835571495134
-0.00688888229516842	0.00363770913727149
-0.00960329269534326	0.00785561191190612
0.0206744074099119	0.0102839160892168
0.0108695232646012	0.0199463612310073
0.0183094066870562	0.0077862377971217
-0.004128745304109	-0.0432193994685572
0.0302168932690852	0.0214443997364705
0.0246733473880509	0.00768495791700391
-0.00345721768121745	0.0114949682745044
