Var1	Var2	value
1	age	0.215070643147189
2	age	-0.427088220899018
3	age	-0.17478409847157
4	age	-0.0447753862204863
5	age	-0.0693227858407403
6	age	0.124675119884837
7	age	0.086489015150098
8	age	-0.0134596777177312
9	age	-0.0737577225153023
10	age	0.0523564772805998
11	age	0.0217909255750688
12	age	-0.026090874059912
13	age	-0.0921449660891169
14	age	0.0326870791381286
15	age	0.0168058108511365
16	age	-0.0501205629798376
17	age	0.0849050845708731
18	age	-0.0678735934724218
19	age	0.0395247529285231
20	age	-0.0924310499301547
21	age	-0.0986950927240785
1	sex	0.0897183472259506
2	sex	-0.0829677908128187
3	sex	-0.00863968871953254
4	sex	-0.046379416574512
5	sex	-0.0819413748081336
6	sex	0.120116830246579
7	sex	0.0575557777249196
8	sex	-0.0463603838073383
9	sex	0.0131903078575922
10	sex	-0.0761183954037478
11	sex	0.0266786141403324
12	sex	0.00941781275622081
13	sex	-0.0856730224696782
14	sex	0.0172253297332613
15	sex	-0.103757029556535
16	sex	0.0421659772088844
17	sex	0.0921718081061699
18	sex	-0.0177516333970222
19	sex	0.0136970401161256
20	sex	-0.0113793335193718
21	sex	0.045469516855134
1	affected	0.215439340942495
2	affected	-0.654676400232995
3	affected	-0.334477434230733
4	affected	-0.10240871036917
5	affected	-0.11722722500225
6	affected	0.0157230052636481
7	affected	0.0341366774336229
8	affected	-0.0227999682728325
9	affected	-0.0576731584394632
10	affected	0.0978620260209942
11	affected	0.062746805496054
12	affected	-0.0301640371407137
13	affected	-0.0787541381805685
14	affected	0.0609384632393451
15	affected	-0.0132531232674768
16	affected	-0.0649159291323718
17	affected	0.0229473183617616
18	affected	-0.100798048005337
19	affected	0.096483350575472
20	affected	-0.0147299223095147
21	affected	-0.0490696920093687
1	sequencer	-0.314434683297155
2	sequencer	0.779173427646943
3	sequencer	0.463020160736242
4	sequencer	0.196708815938744
5	sequencer	0.0986111681260887
6	sequencer	0.0503438479105041
7	sequencer	-0.148922404676954
8	sequencer	0.0197905515664349
9	sequencer	0.0449812022609412
10	sequencer	-0.0862208066680382
11	sequencer	-0.0459921224727457
12	sequencer	0.00736037359526771
13	sequencer	0.00922324472470919
14	sequencer	-0.0132315325404193
15	sequencer	0.00450153658793232
16	sequencer	-0.00151143811327355
17	sequencer	-0.0188068205402275
18	sequencer	-0.00428221396113557
19	sequencer	-0.0184240779274313
20	sequencer	0.0143936384301154
21	sequencer	0.0524462826655661
1	read type	0.314434683297155
2	read type	-0.779173427646943
3	read type	-0.463020160736242
4	read type	-0.196708815938744
5	read type	-0.0986111681260887
6	read type	-0.0503438479105041
7	read type	0.148922404676954
8	read type	-0.0197905515664349
9	read type	-0.0449812022609412
10	read type	0.0862208066680382
11	read type	0.0459921224727457
12	read type	-0.00736037359526771
13	read type	-0.00922324472470919
14	read type	0.0132315325404193
15	read type	-0.00450153658793232
16	read type	0.00151143811327355
17	read type	0.0188068205402275
18	read type	0.00428221396113557
19	read type	0.0184240779274313
20	read type	-0.0143936384301154
21	read type	-0.0524462826655661
1	2	-0.036620865673364
2	2	0.259431486614642
3	2	0.101749120724161
4	2	-0.0245086183444178
5	2	0.198710400423936
6	2	0.013497998326227
7	2	0.0528104740895632
8	2	0.0702210807135922
9	2	0.0780626074771792
10	2	-0.0566615885467478
11	2	-0.183250673979155
12	2	-0.0673140820802209
13	2	0.0121881268033388
14	2	-0.072831502027546
15	2	0.0151561522279753
16	2	-0.0372859091064562
17	2	-0.209119550525773
18	2	0.210899354012111
19	2	-0.0977067542397788
20	2	0.0990666217224287
21	2	0.120762288878189
1	3	-0.0486084650173037
2	3	0.146371177259104
3	3	0.302737014925368
4	3	0.132697687676172
5	3	-0.00621696756211656
6	3	0.00538055045496815
7	3	0.302190759299556
8	3	-0.00349709999584932
9	3	0.0572871278489359
10	3	-0.0469604352170276
11	3	0.110397370355292
12	3	-0.00228818412200553
13	3	-0.0588903145437005
14	3	-0.0542063430912599
15	3	0.101271675643102
16	3	0.0761575521964079
17	3	-0.320084481763235
18	3	0.121188945426915
19	3	-0.150073558001272
20	3	-0.041131951898141
21	3	-0.137034992792555
1	4	-0.110735194606939
2	4	0.236516387513009
3	4	0.075334383571812
4	4	-0.0255448798863626
5	4	0.058812752026558
6	4	0.0358289756823947
7	4	-0.151272572136525
8	4	0.0567184393022911
9	4	0.139835806245686
10	4	-0.0468737581577397
11	4	-0.209539866851051
12	4	-0.0463631675459919
13	4	0.0289782524414303
14	4	-0.0155326533909995
15	4	-0.0282646074966357
16	4	-0.0497885447574444
17	4	-0.0155987552927538
18	4	0.0495351615963557
19	4	0.0705431257154455
20	4	0.0756079787522577
21	4	0.0383314701852098
1	5	-0.0504103709373086
2	5	0.136715099817429
3	5	0.352047397370296
4	5	0.161974575524906
5	5	-0.0256843561760585
6	5	0.0487038464890554
7	5	0.15564949022503
8	5	-0.00850611738628382
9	5	-0.103879754227023
10	5	-0.0434274510772148
11	5	0.166937722596756
12	5	-0.0475253457322364
13	5	-0.0800196043665869
14	5	0.0144654868592247
15	5	0.132408166421046
16	5	0.0121067372569678
17	5	-0.0672841474752351
18	5	-0.0868232923486599
19	5	-0.155156973119231
20	5	-0.145544156268488
21	5	-0.104169529500198
1	6	-0.155441010423648
2	6	0.257469746052717
3	6	0.204214034926588
4	6	0.0911518297637842
5	6	-0.0255487388524624
6	6	0.0112628694618483
7	6	-0.121170359714611
8	6	-0.0383210961421332
9	6	-0.0354022347286414
10	6	-0.107653966913267
11	6	0.21666343951777
12	6	0.0937976218357789
13	6	-0.154110108425108
14	6	0.0496323801984209
15	6	0.0657734046948019
16	6	0.189887928035182
17	6	-0.0192136812845717
18	6	-0.23331414956241
19	6	0.414416247928533
20	6	0.0716259680925512
21	6	-0.0488664069728776
1	7	-0.172079218095989
2	7	0.239462114651622
3	7	0.184428947002897
4	7	0.102300675564871
5	7	-0.132425401479899
6	7	0.0335561779267812
7	7	-0.152445917238413
8	7	-0.123570065152585
9	7	-0.0212993691762783
10	7	0.0393638545863543
11	7	0.0743328136054713
12	7	0.0520558542815375
13	7	-0.0578943401783229
14	7	0.00357834569358056
15	7	-0.0855150628828482
16	7	-0.166807121520972
17	7	0.143039344757887
18	7	-0.107371784802437
19	7	0.0365985956084823
20	7	-0.0868879295315306
21	7	0.0506408805552133
1	8	-0.151067220693291
2	8	0.302590790005497
3	8	0.0646788157535378
4	8	0.0307096931266129
5	8	0.00502392118524396
6	8	0.0663917068919179
7	8	-0.237852108713108
8	8	0.00568622995127142
9	8	-0.0373012541902645
10	8	-0.113726401164338
11	8	-0.154057019339148
12	8	0.0636678745310426
13	8	0.0952198361013763
14	8	0.0303582429360394
15	8	-0.099533276797209
16	8	-0.0838146394991957
17	8	0.106756579540328
18	8	0.135368675062728
19	8	-0.130904796928714
20	8	-0.0196489255129948
21	8	0.102189062570535
1	9	-0.14771045102221
2	9	0.263505304755758
3	9	0.0800641564514942
4	9	0.0815416941725833
5	9	0.0304175338845778
6	9	0.0231962487516515
7	9	-0.351768204290287
8	9	0.0540278127480375
9	9	-0.0360095468955393
10	9	-0.0180725936844466
11	9	-0.134375439930377
12	9	0.0228588649170421
13	9	0.0990590686002602
14	9	0.00758349954484954
15	9	-0.140094302598422
16	9	-0.0601692967187444
17	9	0.0937248339253694
18	9	0.112711620759242
19	9	-0.13725478846189
20	9	0.0760623961950581
21	9	0.167407659871537
1	10	0.314434683297155
2	10	-0.779173427646943
3	10	-0.463020160736242
4	10	-0.196708815938744
5	10	-0.0986111681260887
6	10	-0.0503438479105041
7	10	0.148922404676954
8	10	-0.0197905515664349
9	10	-0.0449812022609412
10	10	0.0862208066680382
11	10	0.0459921224727457
12	10	-0.00736037359526771
13	10	-0.00922324472470919
14	10	0.0132315325404193
15	10	-0.00450153658793232
16	10	0.00151143811327355
17	10	0.0188068205402275
18	10	0.00428221396113557
19	10	0.0184240779274313
20	10	-0.0143936384301154
21	10	-0.0524462826655661
1	1	0.0450320515596834
2	1	0.384024220076364
3	1	-0.0891399510802271
4	1	-0.0166653490904764
5	1	0.245943310462584
6	1	-0.140330993593994
7	1	0.260039942402342
8	1	0.0673836591214562
9	1	0.158373408823977
10	1	0.238052518582895
11	1	-0.0248771689066834
12	1	-0.115640774003953
13	1	0.18256065463932
14	1	-0.0201827235916003
15	1	0.121014085150115
16	1	0.151932002447236
17	1	0.261156600558594
18	1	-0.293119902077129
19	1	0.0973058983083305
20	1	-0.0117299986528967
21	1	-0.116458365990187
1	CHEO	0.0447449474386053
2	CHEO	0.455320224185682
3	CHEO	-0.106445139014295
4	CHEO	-0.0174201211042535
5	CHEO	0.318502250032542
6	CHEO	-0.153349227916136
7	CHEO	0.259585258511946
8	CHEO	0.0953117780903852
9	CHEO	0.172977756122355
10	CHEO	0.217076783744236
11	CHEO	-0.015737484554844
12	CHEO	-0.143275779761654
13	CHEO	0.207045554678985
14	CHEO	-0.0527303493160838
15	CHEO	0.107176362943029
16	CHEO	0.0888539595474618
17	CHEO	0.118510837260762
18	CHEO	-0.154930982509772
19	CHEO	0.019099918161985
20	CHEO	0.0188697408616792
21	CHEO	-0.0598916172856187
1	DGN	0.314434683297155
2	DGN	-0.779173427646943
3	DGN	-0.463020160736242
4	DGN	-0.196708815938744
5	DGN	-0.0986111681260887
6	DGN	-0.0503438479105041
7	DGN	0.148922404676954
8	DGN	-0.0197905515664349
9	DGN	-0.0449812022609412
10	DGN	0.0862208066680382
11	DGN	0.0459921224727457
12	DGN	-0.00736037359526771
13	DGN	-0.00922324472470919
14	DGN	0.0132315325404193
15	DGN	-0.00450153658793232
16	DGN	0.00151143811327355
17	DGN	0.0188068205402275
18	DGN	0.00428221396113557
19	DGN	0.0184240779274313
20	DGN	-0.0143936384301154
21	DGN	-0.0524462826655661
1	UDN	-0.34932424083383
2	UDN	0.625055487255321
3	UDN	0.31984420927505
4	UDN	0.154298194948744
5	UDN	-0.0291427207827438
6	UDN	0.0799053399941638
7	UDN	-0.388761302792013
8	UDN	-0.0224718496526667
9	UDN	-0.0060423470027945
10	UDN	-0.127967169114291
11	UDN	-0.0402552383027332
12	UDN	0.0979603208206529
13	UDN	-0.00178875871839017
14	UDN	0.0350934772463957
15	UDN	-0.108156887641258
16	UDN	-0.0395435049981669
17	UDN	0.0493491108398156
18	UDN	0.0138987922901375
19	UDN	0.0849915816313015
20	UDN	0.0407120271833665
21	UDN	0.102546756852508
1	CGS	-0.0679194004455943
2	CGS	0.192952416709303
3	CGS	0.468829468617605
4	CGS	0.147492572740029
5	CGS	0.0312327399512072
6	CGS	0.0712445838192016
7	CGS	0.19172451367612
8	CGS	0.0133834325041565
9	CGS	-0.0178253918907664
10	CGS	-0.105671383198582
11	CGS	-0.0133061416429635
12	CGS	-0.0559601541213744
13	CGS	-0.122788149809571
14	CGS	-0.0517596469095805
15	CGS	0.123509594509928
16	CGS	0.00388585591681688
17	CGS	-0.208051275832871
18	CGS	0.0753007781439912
19	CGS	-0.20004729023184
20	CGS	-0.0547896901004122
21	CGS	-0.0294571173823674
1	150bp read	-0.316521035108077
2	150bp read	0.70649274514404
3	150bp read	0.359470024614677
4	150bp read	0.178503383278042
5	150bp read	0.031833244723904
6	150bp read	0.0485050027629995
7	150bp read	-0.301074822599453
8	150bp read	-0.00500333181459405
9	150bp read	-0.00311755481463304
10	150bp read	-0.055277873300404
11	150bp read	-0.0189142908696871
12	150bp read	0.0362085655941272
13	150bp read	0.0275865496592768
14	150bp read	0.0351495827781503
15	150bp read	-0.0393676589810339
16	150bp read	-0.0154078372547541
17	150bp read	0.184381338140368
18	150bp read	-0.135636255927547
19	150bp read	0.0756284869103968
20	150bp read	-0.00842544639227576
21	150bp read	0.0613668362274114
1	50bp read	0.314434683297155
2	50bp read	-0.779173427646943
3	50bp read	-0.463020160736242
4	50bp read	-0.196708815938744
5	50bp read	-0.0986111681260887
6	50bp read	-0.0503438479105041
7	50bp read	0.148922404676954
8	50bp read	-0.0197905515664349
9	50bp read	-0.0449812022609412
10	50bp read	0.0862208066680382
11	50bp read	0.0459921224727457
12	50bp read	-0.00736037359526771
13	50bp read	-0.00922324472470919
14	50bp read	0.0132315325404193
15	50bp read	-0.00450153658793232
16	50bp read	0.00151143811327355
17	50bp read	0.0188068205402275
18	50bp read	0.00428221396113557
19	50bp read	0.0184240779274313
20	50bp read	-0.0143936384301154
21	50bp read	-0.0524462826655661
1	75bp read	-0.0603971440076561
2	75bp read	0.291552066818121
3	75bp read	0.283262801141421
4	75bp read	0.0733433721170004
5	75bp read	0.141840314280999
6	75bp read	0.0136303396789964
7	75bp read	0.246899863739993
8	75bp read	0.049228933649928
9	75bp read	0.0968466301728152
10	75bp read	-0.0739992949857976
11	75bp read	-0.0587412537019441
12	75bp read	-0.0510745974927307
13	75bp read	-0.0315849687916431
14	75bp read	-0.0908787614622449
15	75bp read	0.0808730970816244
16	75bp read	0.0250183462946707
17	75bp read	-0.374161357693376
18	75bp read	0.23852557125077
19	75bp read	-0.17517765104154
20	75bp read	0.0445278422069538
21	75bp read	-0.00554998596243613
